0.000000
0.000650
0.001240
0.001542
0.001217
-0.000000
-0.002011
-0.004141
-0.005215
-0.004015
0.000000
0.006050
0.011874
0.014318
0.010626
-0.000000
-0.015261
-0.029691
-0.035949
-0.027231
0.000000
0.044009
0.097420
0.148825
0.185979
0.199527
0.185979
0.148825
0.097420
0.044009
0.000000
-0.027231
-0.035949
-0.029691
-0.015261
-0.000000
0.010626
0.014318
0.011874
0.006050
0.000000
-0.004015
-0.005215
-0.004141
-0.002011
-0.000000
0.001217
0.001542
0.001240
0.000650
0.000000
