Original Signal
0.000000
0.154508
0.293893
0.404508
0.475528
0.500000
0.475528
0.404508
0.293893
0.154508
0.000000
-0.154508
-0.293893
-0.404508
-0.475528
-0.500000
-0.475528
-0.404508
-0.293893
-0.154508
-0.000000
0.154508
0.293893
0.404508
0.475528
0.500000
0.475528
0.404508
0.293893
0.154508
0.000000
-0.154508
-0.293893
-0.404508
-0.475528
-0.500000
-0.475528
-0.404508
-0.293893
-0.154508
-0.000000
0.154508
0.293893
0.404508
0.475528
0.500000
0.475528
0.404508
0.293893
0.154508
0.000000
-0.154508
-0.293893
-0.404508
-0.475528
-0.500000
-0.475528
-0.404508
-0.293893
-0.154508
-0.000000
0.154508
0.293893
0.404508
0.475528
0.500000
0.475528
0.404508
0.293893
0.154508
0.000000
-0.154508
-0.293893
-0.404508
-0.475528
-0.500000
-0.475528
-0.404508
-0.293893
-0.154508
-0.000000
0.154508
0.293893
0.404508
0.475528
0.500000
0.475528
0.404508
0.293893
0.154508
0.000000
-0.154508
-0.293893
-0.404508
-0.475528
-0.500000
-0.475528
-0.404508
-0.293893
-0.154508
-0.000000
0.154508
0.293893
0.404508
0.475528
0.500000
0.475528
0.404508
0.293893
0.154508
-0.000000
-0.154508
-0.293893
-0.404508
-0.475528
-0.500000
-0.475528
-0.404508
-0.293893
-0.154508
-0.000000
0.154508
0.293893
0.404508
0.475528
0.500000
0.475528
0.404508
0.293893
0.154508
-0.000000
-0.154508
-0.293893
-0.404508
-0.475528
-0.500000
-0.475528
-0.404508
-0.293893
-0.154508
-0.000000
0.154508
0.293893
0.404508
0.475528
0.500000
0.475528
0.404508
0.293893
0.154508
Noisy Signal
0.000000
0.559017
0.769421
0.559017
0.181636
0.000000
0.181636
0.559017
0.769421
0.559017
0.000000
-0.559017
-0.769421
-0.559017
-0.181636
0.000000
-0.181636
-0.559017
-0.769421
-0.559017
-0.000000
0.559017
0.769421
0.559017
0.181636
0.000000
0.181636
0.559017
0.769421
0.559017
0.000000
-0.559017
-0.769421
-0.559017
-0.181636
0.000000
-0.181636
-0.559017
-0.769421
-0.559017
-0.000000
0.559017
0.769421
0.559017
0.181636
0.000000
0.181636
0.559017
0.769421
0.559017
0.000000
-0.559017
-0.769421
-0.559017
-0.181636
0.000000
-0.181636
-0.559017
-0.769421
-0.559017
-0.000000
0.559017
0.769421
0.559017
0.181636
0.000000
0.181636
0.559017
0.769421
0.559017
0.000000
-0.559017
-0.769421
-0.559017
-0.181636
0.000000
-0.181636
-0.559017
-0.769421
-0.559017
-0.000000
0.559017
0.769421
0.559017
0.181636
0.000000
0.181636
0.559017
0.769421
0.559017
0.000000
-0.559017
-0.769421
-0.559017
-0.181636
0.000000
-0.181636
-0.559017
-0.769421
-0.559017
-0.000000
0.559017
0.769421
0.559017
0.181636
0.000000
0.181636
0.559017
0.769421
0.559017
-0.000000
-0.559017
-0.769421
-0.559017
-0.181636
0.000000
-0.181636
-0.559017
-0.769421
-0.559017
-0.000000
0.559017
0.769421
0.559017
0.181636
0.000000
0.181636
0.559017
0.769421
0.559017
0.000000
-0.559017
-0.769421
-0.559017
-0.181636
0.000000
-0.181636
-0.559017
-0.769421
-0.559017
-0.000000
0.559017
0.769421
0.559017
0.181636
0.000000
0.181636
0.559017
0.769421
0.559017
Filtered Signal
0.000000
0.000000
0.000364
0.001194
0.002180
0.002678
0.002023
-0.000046
-0.003052
-0.005751
-0.006536
-0.004196
0.001260
0.008174
0.013534
0.014061
0.007742
-0.004850
-0.020064
-0.031827
-0.033264
-0.018650
0.014997
0.067216
0.134351
0.210448
0.288304
0.360279
0.418749
0.456355
0.466333
0.443178
0.383688
0.288212
0.161695
0.014061
-0.140419
-0.284888
-0.402492
-0.479202
-0.506133
-0.480757
-0.406804
-0.293108
-0.151930
0.002678
0.156133
0.294256
0.404115
0.475005
0.499598
0.475005
0.403752
0.293063
0.153953
0.000000
-0.153953
-0.293063
-0.403752
-0.475005
-0.499598
-0.475005
-0.403752
-0.293063
-0.153953
0.000000
0.153953
0.293063
0.403752
0.475005
0.499598
0.475005
0.403752
0.293063
0.153953
0.000000
-0.153953
-0.293063
-0.403752
-0.475005
-0.499598
-0.475005
-0.403752
-0.293063
-0.153953
-0.000000
0.153953
0.293063
0.403752
0.475005
0.499598
0.475005
0.403752
0.293063
0.153953
0.000000
-0.153953
-0.293063
-0.403752
-0.475005
-0.499598
-0.475005
-0.403752
-0.293063
-0.153953
-0.000000
0.153953
0.293063
0.403752
0.475005
0.499598
0.475005
0.403752
0.293063
0.153953
0.000000
-0.153953
-0.293063
-0.403752
-0.475005
-0.499598
-0.475005
-0.403752
-0.293063
-0.153953
-0.000000
0.153953
0.293063
0.403752
0.475005
0.499598
0.475005
0.403752
0.293063
0.153953
-0.000000
-0.153953
-0.293063
-0.403752
-0.475005
-0.499598
-0.475005
-0.403752
-0.293063
-0.153953
-0.000000
0.153953
0.293063
0.403752
0.475005
